EEE
SCHOOL DISTRICT
HOUSTON INDEPENDENT SCHOOL DISTRICT
NOTES TO THE BASIC FINANCIAL STATEMENTS
FOR THE FISCAL YEAR ENDED JUNE 30, 2025
The following table summarizes by type the annual debt service requirements of the outstanding
debt issues on June 30, 2025, to maturity.
Bond                     Bond
June 30               Principal               Interest                 Totals
2026           $ 315,190,000            64,590,876           379,780,876
2027                  151,635,000            51,856,931            203,491,931
2028                  100,965,000            44,033,493            144,998,493
2029                   67,475,000            38,746,618            106,221,618
2030                   80,575,000            35,126,977            115,701,977
2031-2035               347,290,000            114,605,186             461,895,186
2036-2040              240,445,000            46,323,650           286,768,650
2041-2045               74,940,000              4,153,000             79,093,000
Total           $ 1,378,515,000 $ 399,436,731 $ 1,777,951,731
Notes                    Notes
June 30              Principal              Interest                Totals
2026          $          7,645,000              6,299,927             13,944,927
2027                     8,040,000              6,053,400             14,093,400
2028                     8,450,000              5,641,150             14,091,150
2029                     8,885,000              5,207,775             14,092,775
2030                     9,340,000              4,752,150             14,092,150
2031-2035               54,055,000            16,154,300             70,209,300
2036-2040                   38,705,000                 2,998,500                41,703,500
Total           $      135,120,000 $      47,107,202 $      182,227,202
Total                     Total
Principal                 Interest
June 30           Requirements       Requirements            Totals
2026          $      322,835,000            70,890,803           393,725,803
2027                  159,675,000            57,910,331            217,585,331
2028                  109,415,000            49,674,643            159,089,643
2029                   76,360,000            43,954,393            120,314,393
2030                   89,915,000            39,879,127            129,794,127
2031-2035                401,345,000             130,759,486              532,104,486
2036-2040        279,150,000       49,322,150       328,472,150
2041-2045               74,940,000              4,153,000             79,093,000
Total           $ 1,513,635,000 $ 446,543,933 $ 1,960,178,933
-64 -
Back to Top
