TOTAL DEBT OUTSTANDING
Fiscal Year 2024-2025
Debt Schedule as of June 30, 2024
Fiscal Total
Year OUTSTANDING BONDS OUTSTANDING OBLIGATIONS* Debt Service
Ending Principal Interest Total Principal Interest Total Requirements
2025 154,630,000 73,677,068 | 228,307,068 7,275,000 6,859,275 14134275 | 242,481,343
2026 130,435,000 62,404,443 192,839,443 7,645,000 6,486,275 14131275 | 206,970,718
2027 71,905,000 55805756 127,710,756 8,040,000 6,094,150 14,134,150 | 141,844,906
2028 102,835,000 51,977,068 154,812,068 8,450,000 5,681,900 14,131,900 | 168,943,968
2029 81,235,000 49,291,718 130,526,718 8,885,000 5,248,525 14,133,525 144,660,243
2030 116,840,000 43654402 160,494,402 9,340,000 4,792,900 14,132,900 | 174,627,302
2031 126,900,000 40,133,049 167,033,049 9,820,000 4,313,900 14,133,900 181,166,949
2032 127,145,000 32771384 159,916,384 10,325,000 3,810,275 14135275 | 174,051,659
2033 109,605,000 28778914 138,383,914 10,855,000 3,280,775 14135775 | 152,519,689
2034 89,715,000 23,027,464 112,742,464 11,410,000 2,724,150 14,138,150 | 126,876,614
2035 70,305,000 20,151,700 90,456,700 11,935,000 2,200,200 14,135,200 104,591,900
2036 67,500,000 16,738,350 84,238,350 12,485,000 1,649,375 14,134,375 98,372,725
2037 75,635,000 15,116,313 90,751,313 13,125,000 1,009,125 14,134,125 | 104,885,438
2038 72,640,000 12,126,850 84,766,850 13,620,000 510,750 14,130,750 98,897,600
2039 74,210,000 9,893,925 84,103,925 0 0 [1 84,103,925
2040 61,480,000 7,181,950 68,661,950 [3 0 0 68,661,950
2041 64,090,000 4,575,200 68,665,200 [J [J 0 68,665,200
2042 34,290,000 1,853,350 36,143,350 o 0 0 36,143,350
2043 6,110,000 305,500 6,415,500 [3 0 0 6,415,500
Totals  _1,637,505,000 _ 549,464,403 _ 2,186,969,403 __ 143,210,000 54,661,575 197,871,575 _ 2,384,840,978
*Note: Includes Contractual Obligatons and Maintenance Notes. Does not include debt issued by the Public Facility Corporation (PFC)
Bond/Obligation Schedule (in millions)
320.0
B0ther Obligations
wo, 0]
260.0
=
2400 £7]
220.0 or
200.0 |
180.0 | a = A pe
160.0 5
= ~~ ga
wed NM Nl HE {lH HAs
z= r=
wot WMH MF W OM NNER
II III CC
80.0 Ty
word MW WWMM RR WR RW RET
PERRI I P=
NITE EEE EEE EEE.
wo
0.0
§ &§ § 8 &§ 8 5 8 8 2 8 & 5 8 8 8 § §
g § 8 § § 8 8 8 8 8 8 8 8 g8 8
& &§ & 8 & ® 8 8&8 8 8&8 8 8&8 8&8 & & & & & =»
2025-2026 Adopted Budget Informational Section 111
