3 HOUSTON INDEPENDENT SCHOOL DISTRICT

> SCHEDULE OF REVENUES, EXPENDITURES, AND CHANGES IN FUND BALANCE - GOVERNMENTAL FUNDS

hS FOR THE FISCAL YEAR ENDED JUNE 30, 2026 WITH COMPARATIVE DATA FOR PRIOR YEARS AND FORECAST

[=]

> 2021-2022 2022-2023 2023-2024 2024-2025 2026-2026 2026-2027 2027-2028 2028-2029

> Actual Actual Actual Actual Adopted Forecast Forecast Forecast

a 6200 - Professional and Contracted Services 11,765,377 9,162,114 8,278,437 11,397,783 4,852,203 4,366,983 4,366,983 4,366,983

ES] 6300 - Supplies and Materials 1,128,497 1,239,364 1,300,519 1,704,571 936,788 843,109 843,109 843,109

z 6400 - Other Operating Costs 164,886 373,388 156,627 304,577 377,550 339,795 339,795 339,795

Q 6600 - Capital Outlay - Land, Buildings, and Equipment 126,839 279,569 169,159 173,791 5,000 4,500 4,500 4,500

Jos] Total for 31 - Guidance & Counseling 69,348,406 65,086,596 64,717,439 67,664,681 68,116,936 52,304,342 62,304,342 52,304,342

5

«Q 32 - Social Work Services

e 6100 - Payroll Costs 16,500,704 7,825,742 4,698,759 4,936,923 2,674,734 2,407,260 2,407,260 2,407,260

m 6200 - Professional and Contracted Services 938,235 363,575 (144,544) 1,178,122 181,263 163,137 163,137 163,137

FS 6300 - Supplies and Materials - 55,388 131,415 73,257 50,000 45,000 45,000 45,000

Q 6400 - Other Operating Costs - 60,042 27,155 15,504 0 0 0 0

< 6600 - Capital Outlay - Land, Buildings, and Equipment - 46,254 0 - [J 0 0 0

© Total for 32 - Sacial Work Services 17,438,940 8,351,001 4,712,785 6,203,806 2,906,997 2,616,397 2,616,397 2,616,397

2

El 33 - Health Services

3 6100 - Payroll Costs 21,127,654 24,507,010 22,678,859 23,796,308 25,070,203 22,563,183 22,563,183 22,563,183

5) 6200 - Professional and Contracted Services 2,848,477 1,947,780 1,216,712 1,481,424 955,000 859,500 859,500 859,500

<2 6300 - Supplies and Materials 7,246,489 166,831 270,875 710,754 91,900 82,710 82,710 82,710
6400 - Other Operating Costs 9,043 33,985 28,252 11,669 17,000 15,300 15,300 15,300
6600 - Capital Outlay - Land, Buildings, and Equipment 3,092 15,923 6,391 31,741 0 0 0 0
Total for 33 - Health Services 31,234,756 26,671,628 24,201,089 26,031,897 26,134,103 23,520,693 23,620,693 23,620,693
34 - Transportation
6100 - Payroll Costs 41,542,673 40,523,610 41,677,448 43,645,050 31,623,562 28,502,780 28,502,780 28,502,780
6200 - Professional and Contracted Services 734,269 1,117,951 1,028,706 1,453,509 1,125,000 1,013,979 1,013,979 1,013,979
6300 - Supplies and Materials 7,894,021 9,808,603 8,819,043 5,857,403 3,221,712 2,903,776 2,903,776 2,903,776
6400 - Other Operating Costs 439,688 (155,261) 661,427 (710,744) 2,366,094 2,132,595 2,132,595 2,132,595
6600 - Capital Outlay - Land, Buildings, and Equipment 1,298,997 1,023,045 4,837,129 1,933,910 [ 0 0 0
Total for 34 - Transportation 51,909,647 52,317,948 57,023,753 52,179,127 38,336,368 34,563,131 34,563,131 34,663,131
35 - Food Services
6100 - Payroll Costs 44,378,425 47,823,818 53,718,190 48,940,500 48,910,550 54,276,431 54,929,184 55,589,804
6200 - Professional and Contracted Services 3,664,328 3,587,282 8,660,012 5,204,024 5,710,895 4,035,116 4,083,751 4,132,972
6300 - Supplies and Materials 63,713,708 71,709,314 74,458,764 76,733,671 72,744,077 76,328,460 77,248,444 78,179,515
6400 - Other Operating Costs 7,418,747 8,525,101 9,512,033 10,055,307 10,479,674 10,215,334 10,338,459 10,463,068
6600 - Capital Outlay - Land, Buildings, and Equipment 163,748 349,203 2,680,364 1,115,996 1,251,925 826,259 836,218 846,207
6910 - Indirect Costs (6,355,668) (7,020,565) 7,635,341 8,123,917) 23,441 119,378 119,378 119,378
Total for 36 - Food Services 112,983,289 124,974,243 141,394,021 133,926,682 135,120,562 145,800,979 147,666,433 149,331,034
36 - Extracurricular Activities
6100 - Payroll Costs 7,819,465 11,814,477 13,323,652 14,042,216 8,747,510 7,872,759 7,872,759 7,872,759
6200 - Professional and Contracted Services 7,148,091 7,790,290 9,191,548 9,456,018 9,271,020 8,343,918 8,343,918 8,343,918
6300 - Supplies and Materials 845,706 788,079 1,517,399 874,049 4,643,109 4,178,798 4,178,798 4,178,798
6400 - Other Operating Costs 453,640 441,066 953,386 1,155,152 909,564 818,608 818,608 818,608
6600 - Capital Outlay - Land, Buildings, and Equipment 197,657 171,648 294,805 231,609 163,631 147,268 147,268 147,268
Total for 36 - Extracurricular Activities 16,464,559 21,005,560 25,280,790 26,759,045 23,734,834 21,361,351 21,361,351 21,361,351
41 - General Administration
6100 - Payroll Costs 27,116,076 31,103,805 41,323,072 37,702,429 44,960,417 41,091,073 41,128,533 41,167,117
6200 - Professional and Contracted Services 6,313,927 6,845,370 6,771,648 9,389,198 9,444,782 8,601,578 8,601,578 8,601,578
6300 - Supplies and Materials 388,230 481,129 378,127 465,724 519,351 472,985 472,985 472,985

Jay
