N HOUSTON INDEPENDENT SCHOOL DISTRICT
Nn SCHEDULE OF REVENUES, EXPENDITURES, AND CHANGES IN FUND BALANCE - GOVERNMENTAL FUNDS
o FOR THE FISCAL YEAR ENDED JUNE 30, 2026 WITH COMPARATIVE DATA FOR PRIOR YEARS AND FORECAST
nN
IN 2021-2022 2022-2023 2023-2024 2024-2025 2025-2026 2026-2027 2027-2028 2028-2029
o Actual Actual Actual Actual Adopted Forecast Forecast Forecast
z REVENUES
Oo Property taxes 2,114,671,149 2,157,325,323 1,864,110,487 1,884,862,928 1,937,629,363 1,884,862,928 1,884,862,928 1,814,550,937
© Eamings on investments 3,843,382 59,185,132 85,205,118 60,175,964 45,600,103 44,026,832 38,213,030 38,178,453
2 Miscellaneous local sources 22,991,617 14,845,118 10,517,810 76,106,869 46,693,842 34,147,796 34,204,430 34,261,879
w State sources 230,908,515 221,286,018 337,964,023 289,073,745 430,657,533 379,381,522 459,043,731 459,046,595
j= Federal sources 198,448,935 205,863,952 205,641,126 147,158,724 157,127,138 163,060,549 166,174,661 167,721,324
& Total revenues 2,670,863,598 2,668,505,543 2,503,438,564 2,457,378,230 2,617,707,979 2,506,479,627 2,682,498,781 2,613,759,187
[o}
js EXPENDITURES - Function and Major Object
5 11 - Instruction
2 6100 - Payroll Costs 801,810,201 872,291,058 1,027,290,286 1,123,928,361 1,106,814,817 988,129,427 988,129,427 988,129,427
[=X 6200 - Professional and Contracted Services 108,311,490 94,054,773 48,033,959 102,206,524 95,677,104 85,417,507 85,417,507 85,417,507
Q 6300 - Supplies and Materials 32,062,650 36,568,945 25,173,484 19,415,152 36,107,877 32,235,976 32,235,976 32,235,976
w 6400 - Other Operating Costs 5,299,749 17,752,996 3,390,740 2,395,570 3,095,843 2,763,871 2,763,871 2,763,871
2 6600 - Capital Outlay - Land, Buildings, and Equipment 32,574,178 16,624,960 47,065,624 12,631,989 2,863,001 2,555,997 2,555,997 2,555,997
= Total for 11 - Instruction 980,058,268 1,037,292,731_ _ 1,150,954,093_ _ 1,260,677,597 _ 1,244,568,642 _ 1,111,102,778  _ 1,111,102,778_ _ 1,111,102,778
S
12 - Media Services
6100 - Payroll Costs 6,525,177 18,320,298 13,779,525 6,943,057 6,297,262 5,667,536 5,667,536 5,667,536
6200 - Professional and Contracted Services 6,955 2m 976 0 0 0 0 0
6300 - Supplies and Materials 10,682 31,981 10,908 0 3,500 3,150 3,150 3,150
6400 - Other Operating Costs. 109,962 4,762 6,127 1.873 152,000 136,800 136,800 136,800
6600 - Capital Outlay - Land, Buildings, and Equipment 79,909 52,717 32,849 8,026 0 0 0 0
Total for 12 - Media Services 6,732,685 18,410,029 13,830,385 6,962,956 6,452,762 5,807,486 5,807,486 6,807,486
13 - Staff Development
6100 - Payroll Costs 28,490,123 23,432,943 22,970,131 12,062,475 12,378,422 11,140,580 11,140,580 11,140,580
6200 - Professional and Contracted Services 1,459,125 2,845,699 1,482,184 1,087,121 1,273,700 1,146,330 1,146,330 1,146,330
6300 - Supplies and Materials 598,079 531,241 288,457 195,084 107,926 97,133 97,133 97,133
6400 - Other Operating Costs 986,685 1,644,692 914,338 816,841 311,909 280,718 280,718 280,718
6600 - Capital Outlay - Land, Buildings, and Equipment 103,504 621,776 160,598 103,971 11,000 9,900 9,900 9,900
Total for 13 - Staff Development 31,637,516 29,076,351 26,815,707 14,266,492 14,082,957 12,674,661 12,674,661 12,674,661
21 - Instructional Leadership
6100 - Payroll Costs 21,028,854 20,953,548 59,917,228 61,880,607 64,664,390 58,197,951 58,197,951 58,197,951
6200 - Professional and Contracted Services 2,198,017 553,838 1,873,000 4,737,533 4,917,289 4,425,560 4,425,560 4,425,560
6300 - Supplies and Materials 390,075 314,786 404,642 1,052,979 513,672 462,305 462,305 462,305
6400 - Other Operating Costs 285,453 414,925 581,083 371,676 1,817,368 1,635,631 1,635,631 1,635,631
6600 - Capital Outlay - Land, Buildings, and Equipment 252,793 293,578 287,507 388,037 37,000 33,300 33,300 33,300
Total for 21 - Instructional Leadership 24,165,192 22,630,676 63,063,461 68,430,832 71,949,719 64,754,747 64,754,747 64,754,747
23 - School Leadership
6100 - Payroll Costs 140,010,062 154,354,077 205,876,533 221,547,360 206,902,776 186,212,498 186,212,498 186,212,498
6200 - Professional and Contracted Services 5,166,977 5,406,022 6,773,319 8,893,344 10,052,669 9,047,402 9,047,402 9,047,402
6300 - Supplies and Materials 616,522 995,435 1,283,447 2,106,834 7,528,384 6,775,546 6,775,546 6,775,546
6400 - Other Operating Costs. 548,077 793,436 659,541 536,581 809,199 728,279 728,279 728,279
6600 - Capital Outlay - Land, Buildings, and Equipment 391,696 666,755 799,555 1,235,978 133,301 119.971 119.971 119.971
Total for 23 - School Leadership 146,733,334 162,215,725 215,392,395 234,320,097 226,426,329 202,883,696 202,883,696 202,883,696
31 - Guidance & Counseling
6100 - Payroll Costs 46,162,807 54,032,161 54,812,697 53,983,859 51,944,395 46,749,955 46,749,955 46,749,955
~
a
