HOUSTON INDEPENDENT SCHOOL DISTRICT
SCHEDULE OF REVENUES, EXPENDITURES, AND CHANGES IN FUND BALANCE - GOVERNMENTAL FUNDS
N FOR THE FISCAL YEAR ENDED JUNE 30, 2026 WITH COMPARATIVE DATA FOR PRIOR YEARS AND FORECAST
N
@ 2021-2022 2022-2023 2023-2024 2024-2025 2025-2026 2026-2027 2027-2028 2028-2029
8 Actual Actual Actual Actual Adopted Forecast Forecast Forecast
> 6400 - Other Operating Costs 3,129,962 1,885,471 3,705,152 4,037,107 6,631,359 6,183,928 6,221,388 6,259,972
> 6600 - Capital Outlay - Land, Buildings, and Equipment 542,263 850,521 877,608 375,975 859,185 782,479 782,479 782,479
g Total for 41 - General Administration 37,490,457 41,166,296 53,055,607 51,970,432 62,415,093 57,132,043 57,206,963 57,284,131
°
53 51 - Facilities - Maint & Oper.
a 6100 - Payroll Costs 96,364,600 103,801,952 99,406,941 69,454,133 64,685,648 64,750,956 64,818,223
3 6200 - Professional and Contracted Services 81,269,299 79,937,694 89,117,852 83,975,724 77,068,151 77,008,151 77,108,151
Q 6300 - Supplies and Materials 6,741,372 7,742,675 7,324,828 5,693,957 5,124,561 5,124,561 5,124,561
Qe 6400 - Other Operating Costs 15,139,237 19,090,869 26,297,582 25,060,049 29,682,385 26,714,146 26,714,146 26,714,146
js 6500 - Debt Service - - - - 1,744,017 - - -
5 6600 - Capital Outlay - Land, Buildings, and Equipment 20,656,319 19,888,561 16,417,484 9,517,824 1,779,017 1,569,615 1,569,615 1,569,615
o Total for 51 - Facilities - Maint & Oper. 220,170,827 230,461,750 238,564,687 34,577,873 192,329,233 175,162,122 175,257,430 175,334,697
G)
o 52 - Security
w 6100 - Payroll Costs 26,313,563 27,065,179 28,708,542 27,721,502 26,964,188 24,947,982 24,947,982 24,947,982
2 6200 - Professional and Contracted Services 1,291,836 1,903,028 1,612,808 1,071,451 4,907,260 4,540,327 4,540,327 4,540,327
1-3 6300 - Supplies and Materials 441,409 1,285,861 685,875 341,834 696,014 643,971 643,971 643,971
S 6400 - Other Operating Costs 86,507 145,797 141,489 128,948 170,425 157,682 157,682 157,682
6600 - Capital Outlay - Land, Buildings, and Equipment 1,891,330 996,205 942,454 1,257,043 655,540 606,523 606,523 606,523
Total for 52 - Security 30,024,646 31,396,069 32,091,167 30,520,778 33,393,427 30,896,484 30,896,484 30,896,484
53 - Data Processing
6100 - Payroll Costs 28,574,130 28,281,337 26,696,376 27,294,525 22,011,049 19,836,158 19,836,158 19,836,158
6200 - Professional and Contracted Services 22,123,539 18,743,727 22,044,884 21,479,043 21,903,434 19,739,176 19,739,176 19,739,176
6300 - Supplies and Materials 913,449 420,233 1,218,044 50,225 366,175 329,994 329,994 329,994
6400 - Other Operating Costs 57,349 129,463 340,954 163,456 376,194 339,023 339,023 339,023
6600 - Capital Outlay - Land, Buildings, and Equipment 6,545,154 3,623,554 8,140,077 525971 142122 128,079 128,079 128,079
Total for 53 - Data Processing 58,213,621 51,198,314 58,440,335 49,513,220 44,798,974 40,372,429 40,372,429 40,372,429
61 - Community Services
6100 - Payroll Costs 1,690,321 1,517,582 3,207,686 2,953,920 3,710,447 3,364,028 3,364,028 3,364,028
6200 - Professional and Contracted Services 217,794 306,972 3,297,602 1,552,489 3,032,687 2,749,546 2,749,546 2,749,546
6300 - Supplies and Materials 30,376 67,380 464,986 524,867 208,000 188,580 188,580 188,580
6400 - Other Operating Costs 9,785 15,116 40,736 85,297 96,500 87,490 87,490 87,490
6600 - Capital Outlay - Land, Buildings, and Equipment - - 39,487 32,244 40,500 36,719 36,719 36,719
Total for 61 - Community Services 1,948,277 1,907,050 7,060,496 5,148,816 7,088,134 6,426,364 6,426,364 6,426,364
71 - Debt Service
6500 - Debt Service 470,938,891 465,881,262 428,552,351 389,945,930 120,000 223,950,331 165,429,643 126,629,393
Total for 71 - Debt Service 470,938,891 465,881,262 428,662,351 389,945,930 120,000 223,950,331 165,429,643 126,629,393
81 - Facilities - Acq. & Constr.
6100 - Payroll Costs - 1,953 669,339 30,983 10,819 - - -
6200 - Professional and Contracted Services - 34,443 247,469 7.765 - - - -
6300 - Supplies and Materials 216,641 29,425 110,594 782 - - - -
6400 - Other Operating Costs 0 - - - - - - -
6600 - Capital Outlay - Land, Buildings, and Equipment 2,746,954 649,792 5,604,742 832,878 5,000 4,500 4,500 4,500
Total for 81 - Facilities - Acq. & Constr. 2,963,596 715,613 6,632,145 872,408 15,819 4,500 4,500 4,500
91 - WADA-Chapter 41
6200 - Professional and Contracted Services 184,470,759 276,396,220 0 - - 0 0 0
Total for 91 - WADA-Chapter 41 184,470,759 276,396,220 0 - - 0 0 0
~
J
