HOUSTON INDEPENDENT SCHOOL DISTRICT
SCHEDULE OF REVENUES, EXPENDITURES, AND CHANGES IN FUND BALANCE - GENERAL FUND
N FOR THE FISCAL YEAR ENDED JUNE 30, 2026 WITH COMPARATIVE DATA FOR PRIOR YEARS AND FORECAST
N
kN 2021-2022 2022-2023 2023-2024 2024-2025 2025-2026 2026-2027 2027-2028 2028-2029
o Actual Actual Actual Actual Adopted Forecast Forecast Forecast
> REVENUES
> Property taxes 1,794,873,129 1,809,366,483 1,506,848,009 1,523,111,132 1,563,545,630 1,455,687,655 1,431,901,231 1,431,901,231
oy Earnings on investments 3,341,346 50,872,795 72,775,580 52,185,094 43,500,000 36,500,000 31,500,000 31,500,000
=A Miscellaneous local sources 19,373,978 9,603,175 5,347,301 67,369,842 38,827,572 28,827,572 28,827,572 28,827,572
4 State sources 228,667,029 214,953,566 319,532,249 272,139,946 414,500,000 361,920,437 441,579,800 441,579,800
w Federal sources 61,236,580 69,955,765 78,105,613 25,580,042 21,660,000 21,510,000 21,510,000 21,510,000
S Total revenues 2,107,492,062 2,154,751,784 1,982,608,752 1,940,386,056 2,082,033,202 1,904,445,664 1,955,318,603 1,955,318,603
Q
ao EXPENDITURES
om 11 - Instruction
B 6100 - Payroll Costs 801,810,201 872,291,058 1,027,290,286 1,123,928,361 1,106,814,817 988,129,427 988,129,427 988,129,427
3 6200 - Professional and Contracted Services 108,311,490 94,054,773 48,033,959 102,206,524 95,677,104 85,417,507 85,417,507 85,417,507
2 6300 - Supplies and Materials 32,062,650 36,568,945 25,173,484 19,415,152 36,107,877 32,235,976 32,235,976 32,235,976
- 6400 - Other Operating Costs 5,299,749 17,752,996 3,390,740 2,395,570 3,095,843 2,763,871 2,763,871 2,763,871
2 6600 - Capital Outlay - Land, Buildings, and Equipment 32,574,178 16,624,960 47,065,624 12,631,989 2,863,001 2,555,997 2,555,997 2,555,997
j= Total for 11 - Instruction 980,058,268 _ 1,037,292,731 1,150,954,093  _ 1,260,577,597 1,244,558,642  1,111,102,778 _ 1,111,102,778 _ 1,111,102,778
S
12 - Media Services
6100 - Payroll Costs 6,525,177 18,320,298 13,779,525 6,943,057 6,297,262 5,667,536 5,667,536 5,667,536
6200 - Professional and Contracted Services 6,955 271 976 - - - - -
6300 - Supplies and Materials 10,682 31,981 10,908 0 3,500 3,150 3,150 3,150
6400 - Other Operating Costs 109,962 4,762 6,127 1,873 152,000 136,800 136,800 136,800
6600 - Capital Outlay - Land, Buildings, and Equipment 79,909 52,717 32,849 8,026 0 0 -
Total for 12 - Media Services 6,732,685 18,410,029 13,830,385 6,952,956 6,452,762 5,807,486 5,807,486 5,807,486
13 - Staff Development
6100 - Payroll Costs 28,490,123 23,432,943 22,970,131 12,062,475 12,378,422 11,140,580 11,140,580 11,140,580
6200 - Professional and Contracted Services 1,459,125 2,845,699 1,482,184 1,087,121 1,273,700 1,146,330 1,146,330 1,146,330
6300 - Supplies and Materials 598,079 531,241 288,457 195,084 107,926 97,133 97,133 97,133
6400 - Other Operating Costs 986,685 1,644,692 914,338 816,841 311,909 280,718 280,718 280,718
6600 - Capital Outlay - Land, Buildings, and Equipment 103,504 621,776 160,598 103,971 11,000 9,900 9,900 9,900
Total for 13 - Staff Development 31,637,515 29,076,351 25,815,707 14,265,492 14,082,957 12,674,661 12,674,661 12,674,661
21 - Instructional Leadership
6100 - Payroll Costs 21,028,854 20,953,548 59,917,228 61,880,607 64,664,390 58,197,951 58,197,951 58,197,951
6200 - Professional and Contracted Services 2,198,017 553,838 1,873,000 4,737,533 4,917,289 4,425,560 4,425,560 4,425,560
6300 - Supplies and Materials 390,075 314,786 404,642 1,052,979 513,672 462,305 462,305 462,305
6400 - Other Operating Costs 285,453 414,925 581,083 371,676 1,817,368 1,635,631 1,635,631 1,635,631
6600 - Capital Outlay - Land, Buildings, and Equipment 252,793 293,578 287,507 388,037 37,000 33,300 33,300 33,300
Total for 21 - Instructional Leadership 24,155,192 22,530,676 63,063,461 68,430,832 71,949,719 64,754,747 64,754,747 64,754,747
23 - School Leadership
6100 - Payroll Costs 140,010,062 154,354,077 205,876,533 221,547,360 206,902,776 186,212,498 186,212,498 186,212,498
6200 - Professional and Contracted Services 5,166,977 5,406,022 6,773,319 8,893,344 10,052,669 9,047,402 9,047,402 9,047,402
6300 - Supplies and Materials 616,522 995,435 1,283,447 2,106,834 7,528,384 6,775,546 6,775,546 6,775,546
6400 - Other Operating Costs 548,077 793,436 659,541 536,581 809,199 728,279 728,279 728,279
6600 - Capital Outlay - Land, Buildings, and Equipment 391,696 666,755 799,555 1,235,978 133,301 119,971 119,971 119,971
Total for 23 - School Leadership 146,733,334 162,215,725 215,392,395 234,320,097 225,426,329 202,883,696 202,883,696 202,883,696
31 - Guidance & Counseling
© 6100 - Payroll Costs 46,162,807 54,032,161 54,812,697 53,983,859 51,944,395 46,749,955 46,749,955 46,749,955
